           1           2  0.91211147864577879     
           2           3   1.6542600111996089     
           2           4  0.18004804976019256     
           3           4   1.2559439541145609     
           3           5  0.11876295578209144     
           4           5   1.2325742184258022     
           1           6  0.95674436938674357     
           4           6  0.16661218231524377     
           5           6   1.6491624447825490     
           1           7  0.99606131627757077     
           7           8   1.5915965186181618     
           1           9  0.10642049860841678     
           7           9  0.62289429255181006     
           8           9   2.0582141638735911     
