           1           2   1.2464951556545332     
           2           3   1.4424042007097162     
           2           4  0.10814309689654610     
           3           4   1.4422825583154180     
           1           5   1.0330712202473544     
           4           5   1.2466643600355483     
           5           6   1.2466601300235185     
           6           7   1.4426156264040222     
           1           8   1.2470857582326245     
           6           8  0.10806830450912126     
           7           8   1.4419556815140144     
