           1           2   1.0531885468891837     
           1           3   1.0531780718187649     
           2           3   1.0042066591573575     
           1           4   1.3452547932966290     
           2           4  0.14209980844362813     
           3           4  0.14209380362123830     
           1           5  0.14209390304986927     
           4           5   1.0531784989069752     
           1           6  0.14210105819656971     
           4           6   1.0531911274781609     
           5           6   1.0042190946806380     
