           1           2   1.0331265218849475     
           2           3   1.5333090372165932     
           2           4  0.10867306198571167     
           3           4   1.3743335988997614     
           3           5  0.14595832481240090     
           4           5   1.3162281489722139     
           1           6   1.0740685164109605     
           2           6  0.10671947741991439     
           5           6   1.5777330042753110     
           1           7   1.3715755771240619     
           2           7  0.12810192780286733     
           7           8   1.2272575819577283     
           8           9   1.4879102150030419     
           8          10  0.50328926407540542     
           9          10   2.2280963303736230     
