           1           3   1.3566783727375968     
           1           4   2.2600347402551137     
           3           4  0.34637505902692634     
           2           5   2.2628040584199898     
           3           6   1.3564240142936763     
           2           7  0.17350810039157200     
           2           8  0.34601085242771218     
           5           8   1.3563234939820146     
           7           8  0.34654612916379840     
           3           9  0.34587624553841789     
           4           9  0.17370545240032320     
           6           9   2.2620819300788768     
           7          10   2.2609177687820350     
           8          10   1.3564946377772924     
