           1           2   1.0121328590416603     
           2           3   1.3308774906874801     
           3           4   1.3982911711632224     
           1           5   1.3308909610777655     
           4           5   1.3971075628808423     
           1           6   1.1752944433044765     
           6           7   1.2876203707561882     
           7           8   1.5712941884538825     
           2           9   1.1734400279125061     
           6           9  0.11907756330033527     
           8           9   1.2894310567364817     
