           1           2   1.2464951548632492     
           2           3   1.4424041962016838     
           2           4  0.10814309879805369     
           3           4   1.4422825458968720     
           1           5   1.0330712558271584     
           4           5   1.2466643701709754     
           5           6   1.2466601055229465     
           6           7   1.4426156539996855     
           1           8   1.2470857669150628     
           6           8  0.10806830995215810     
           7           8   1.4419556539182348     
