           1           2   2.1715888220041499     
           1           3  0.51457676909280581     
           2           3   1.5234305463549505     
           1           4  0.10788829936538338     
           3           4   1.1789895087476947     
           1           5  0.10403927636640013     
           4           5   1.5583144318744289     
           5           6   1.1789867247449326     
           6           7   1.5238058401658974     
           4           8  0.10415510541342435     
           5           8  0.10793226406072749     
           6           8  0.51475084419855088     
           7           8   2.1710429547603436     
