           1           2   1.2172208664399262     
           2           3   1.5018427319582843     
           3           4   1.3671352013232634     
           1           5   1.2474018846547366     
           2           5  0.13851733752724879     
           4           5   1.4972938187051439     
           1           6   1.0590780264759836     
           6           7   1.5106783329961371     
           6           8  0.54932572747311847     
           7           8   2.2644960464485733     
