           1           2  0.85428701857203626     
           2           3   1.7872117938603365     
           3           4  0.85428152998652274     
           2           5  0.15727921623076421     
           3           5  0.11394518625562736     
           4           5  0.85430485186870564     
           1           6  0.85430959041232613     
           2           6  0.11394241677070724     
           3           6  0.15727935815193070     
           5           6   1.7871805708024329     
           1           7   1.9125605297236177     
           2           7  0.26111590128900097     
           6           7  0.26112316061722435     
           3           8  0.26111898215169288     
           4           8   1.9125543047479416     
           5           8  0.26112702154178413     
