           1           2   1.4570533104597099     
           1           3  0.16826191370858146     
           2           3   1.5116467829836151     
           2           4  0.16852293259472745     
           3           4   1.4575281297850848     
           1           5   1.2468033833784602     
           2           5  0.10399833739347739     
           4           5  0.10228538392826522     
           1           6  0.10395292557114648     
           2           6  0.10961250909583209     
           3           6  0.16269314420020056     
           5           6   1.4574885459224112     
           2           7  0.16246582681574137     
           3           7  0.10961542726542539     
           4           7  0.10399695220678899     
           5           7  0.16850861939584183     
           6           7   1.5116563980150086     
           1           8  0.10222373759321880     
           3           8  0.10395193491767217     
           4           8   1.2467580936204787     
           6           8  0.16827937000939197     
           7           8   1.4570895974997307     
