           1           3   1.5295748805705234     
           1           4   2.1988695095377100     
           3           4  0.54873192426327022     
           2           5   2.1990186311198410     
           3           6   1.1344477276814331     
           6           7  0.21278774079077811     
           2           8  0.54873519328725662     
           5           8   1.5293359432332596     
           6           9   1.5689610706499033     
           7           9   1.3640092748892165     
           7          10   1.5690288584753864     
           8          10   1.1344595566827660     
           9          10  0.21274890156166062     
