           1           2   1.3735800736041670     
           1           3  0.13188019299109732     
           2           3   1.4633125463135808     
           1           4  0.13188100971586489     
           3           4   1.3408942990389527     
           1           5   1.3735801200812174     
           2           5  0.10578059253349320     
           4           5   1.4633121654327239     
           1           6  0.10540687979332249     
           6           7   1.3810767869159599     
           1           8  0.10223895032448180     
           6           8  0.12835112275174518     
           7           8   1.4504111976887399     
           1           9  0.10223867347154245     
           6           9  0.12835105736122365     
           7           9  0.10069017120074300     
           8           9   1.3772335682868262     
           6          10   1.3810769536557812     
           7          10  0.10337692046454477     
           8          10  0.10069019448122135     
           9          10   1.4504110232673946     
