           1           2   1.2172208664399415     
           2           3   1.5018427319582763     
           3           4   1.3671352013232729     
           1           5   1.2474018846547417     
           2           5  0.13851733752725137     
           4           5   1.4972938187051403     
           1           6   1.0590780264759687     
           6           7   1.5106783329961193     
           6           8  0.54932572747310249     
           7           8   2.2644960464486026     
