           1           2  0.53339567470650651     
           1           3  0.16053796104333620     
           2           3   1.4728895856687474     
           3           4   1.4098851095861773     
           1           5   1.4729482669002252     
           2           5  0.16055825261372564     
           4           5   1.4097341734267879     
           1           6   1.3599124498242043     
           6           7   1.4570496457994451     
           7           8   1.4050117751043290     
           2           9   1.3598713761776857     
           6           9  0.11153099632838297     
           8           9   1.4570855237014659     
