           1           3   1.5292824217807659     
           1           4   2.1989946679560410     
           3           4  0.54866468964221726     
           2           5   2.1987032024108832     
           3           6   1.1347667038305662     
           6           7  0.21264103195320772     
           2           8  0.54882158644891677     
           5           8   1.5294750190023541     
           6           9   1.5687959694125599     
           7           9   1.3638195623029861     
           7          10   1.5690929205843989     
           8          10   1.1346210300406734     
           9          10  0.21264929938903515     
