           1           2  0.89486894773908310     
           1           3   1.1232897518814804     
           1           4  0.89441708761599492     
           2           4  0.97878454433764484     
           2           5  0.97262668757618875     
           3           6   1.7285776704084335     
           4           7  0.97319192661068166     
           5           7  0.97898343633880036     
           5           8  0.89487372133007670     
           6           8   1.1225181666411097     
           7           8  0.89483689182178139     
