           1           2   1.5428559392392978     
           1           3  0.12543678475728143     
           2           3   1.5443910816057624     
           1           4  0.16978932469570199     
           2           4  0.13931440402048439     
           3           4   1.1265487038481694     
           1           5  0.13958134391531460     
           2           5  0.12312909629498130     
           3           5  0.13934338927949455     
           4           5   1.5444240995363840     
           1           6   1.1278416318144275     
           2           6  0.13952397606459144     
           3           6  0.16983686258806685     
           4           6  0.12545151819896225     
           5           6   1.5429097910087335     
