           1           2   1.5457905494355590     
           1           3  0.12658065062878385     
           2           3   1.5443070173880769     
           1           4  0.17005260399944194     
           2           4  0.13912167338849185     
           3           4   1.1243730744646598     
           1           5  0.13882704568709792     
           2           5  0.12311607762016187     
           3           5  0.13931931820357510     
           4           5   1.5446892377670511     
           1           6   1.1237318334325694     
           2           6  0.13941582795690555     
           3           6  0.16984088547944604     
           4           6  0.12650706208765650     
           5           6   1.5451984277941806     
