           1           2   1.0339082059456177     
           2           3   1.2464313443884234     
           3           4   1.4424137197510061     
           1           5   1.2463929156579960     
           3           5  0.10814911403731725     
           4           5   1.4424461520702916     
           1           6   1.2464313417434956     
           6           7   1.4424137238581685     
           2           8   1.2463929172156147     
           6           8  0.10814911474215655     
           7           8   1.4424461477620483     
