           1           2   1.0134255677041748     
           2           3   1.5721021195959701     
           3           4   1.3120833846773108     
           1           5   1.0124917599834540     
           4           5   1.5725261431182811     
           6           7   1.9713812199541518     
           7           8  0.99985065044006494     
           8           9  0.93511216306308886     
           6          10   1.0047032733813448     
           9          10  0.93203524340420096     
           1          11   1.6686519363319692     
           8          12  0.93585901732056054     
           9          12  0.96729988692394631     
          10          12  0.92938144958015201     
